Mx: 0.5580891706104605
Dx: 0.2897169135195008